0 2
0 6
0 12
0 20
0 30
0 42
0 56
0 72
0 90
0 110
0 132
0 156
0 182
0 210
0 240
0 272
0 306
0 342
0 380
0 420
0 462
0 506
0 552
0 600
0 650
0 702
0 756
0 812
0 870
0 930
0 992
0 1056
0 1122
0 1190
0 1260
0 1332
0 1406
0 1482
0 1560
0 1640
0 1722
0 1806
0 1892
0 1980
0 2070
0 2162
0 2256
0 2352
0 2450
0 2550
0 2652
0 2756
0 2862
0 2970
0 3080
0 3192
0 3306
0 3422
0 3540
0 3660
0 3782
0 3906
0 4032
64 4160
66 4290
66 4422
68 4556
68 4692
70 4830
70 4970
72 5112
72 5256
74 5402
74 5550
76 5700
76 5852
78 6006
78 6162
80 6320
80 6480
82 6642
82 6806
84 6972
84 7140
86 7310
86 7482
88 7656
88 7832
90 8010
90 8190
92 8372
92 8556
94 8742
94 8930
96 9120
96 9312
98 9506
98 9702
